b.lab[1]	1	500
b.lab[2]	501	1000
b.lab[3]	1001	1500
b.lab[4]	1501	2000
b.lab[5]	2001	2500
b.lab[6]	2501	3000
b.lab[7]	3001	3500
b.lab[8]	3501	4000
b.lab[9]	4001	4500
b.lab[10]	4501	5000
beta[1]	5001	5500
beta[2]	5501	6000
beta[3]	6001	6500
beta[4]	6501	7000
beta[5]	7001	7500
beta[6]	7501	8000
beta[7]	8001	8500
beta[8]	8501	9000
beta[9]	9001	9500
beta[10]	9501	10000
beta[11]	10001	10500
beta[12]	10501	11000
beta[13]	11001	11500
beta[14]	11501	12000
beta[15]	12001	12500
beta[16]	12501	13000
beta[17]	13001	13500
beta[18]	13501	14000
beta[19]	14001	14500
beta[20]	14501	15000
sigma	15001	15500
sigma.lab	15501	16000
