stam	ant	MIC	upper	lower	se.log.MIC.naive	E.log.MIC.naive	mode.log.MIC	upper.log.MIC.naive	lower.log.MIC.naive	upper.log.MIC	lower.log.MIC	E.log.MIC	upper.log.MIC.ref	lower.log.MIC.ref	log.MIC.ref	MIC.hanjan.upper	MIC.hanjan.lower	MIC.hanjan	MIC.unemo.upper	MIC.unemo.lower	MIC.unemo
ATCC49226	cip	0.001953125	-9	-100	0.258923777377338	-8.97058823529412	-9	-8.46309763163454	-9.4780788389537	-8.69995	-10.23	-9.442669	-8	-9	-8	0.00240466227011378	0.000832651261492145	0.00143705500592723	0.001953125	7.88860905221012e-31	0.001953125
strain0005	cip	1	0	-1	0.171498585142509	-0.5	0	-0.163862773120683	-0.836137226879318	0.186175	-1.25605	-0.500991	1	0	1	1.13774322861698	0.418688732857024	0.706621230060235	1	0.5	1
strain0008	cip	0.25	-2	-3	0.2259160514079	-2.85294117647059	-2	-2.4101457157111	-3.29573663723007	-2.15175	-3.5601	-2.858174	-2	-3	-2	0.225039475439274	0.0847818936287531	0.137912583195185	0.25	0.125	0.25
strain0010	cip	0.0625	-4	-5	0.192865838950059	-4.08823529411765	-4	-3.71021824977553	-4.46625233845976	-3.37085	-4.7881	-4.079641	-3	-4	-3	0.0966658422078419	0.0361941413199318	0.0591433183031218	0.0625	0.03125	0.0625
strain0802	cip	0.125	-3	-4	0.211069119035402	-4.08823529411765	-3	-3.67453982080826	-4.50193076742704	-3.392	-4.818075	-4.076548	-3	-4	-3	0.0952590518962356	0.0354498909569476	0.0592702519315293	0.125	0.0625	0.125
strain0902	cip	0.001953125	-9	-100	0.170232895629268	-8.85294117647059	-9	-8.51928470103723	-9.18659765190396	-8.51482	-9.9970875	-9.26078135182	-8	-9	-8	0.00273390722247755	0.000978535967084203	0.0016301479787154	0.001953125	7.88860905221012e-31	0.001953125
strain0903	cip	32	100	5	0.878176389813742	4.38235294117647	5	6.1035786652114	2.66112721714153	5.6132	3.98945	4.847731	100	5	5	48.9487461589972	15.8834235199942	28.7946922926421	1.26765060022823e+30	32	32
strain0904	cip	32	100	5	0.311958874052889	4.67647058823529	5	5.28790998137895	4.06503119509163	5.950025	4.29585	5.089131	100	5	5	61.8209963181407	19.6417286451471	34.0393362416207	1.26765060022823e+30	32	32
strain0909	cip	1	0	-1	0.182495200676336	-0.264705882352941	0	0.0929847109726776	-0.62239647567856	0.411075	-0.998224999999999	-0.259846	1	0	1	1.32967623098478	0.500615546709814	0.83517706536709	1	0.5	1
strain0910	cip	0.0078125	-7	-8	0.159746771929415	-7.55882352941177	-7	-7.24571985643011	-7.87192720239342	-6.86175	-8.272125	-7.5703856	-7	-8	-7	0.00859819771071098	0.0032347613629811	0.00526122476441115	0.0078125	0.00390625	0.0078125
ATCC49226	pen	0.5	-1	-2	0.176470588235294	-1.67647058823529	-1	-1.33058823529412	-2.02235294117647	-0.937750000000001	-2.381025	-1.684205	-1	-2	-1	0.522046419624196	0.191972957046091	0.311174339332653	0.5	0.25	0.5
strain0005	pen	32	100	5	0.326854570160189	4.26470588235294	5	4.90534083986691	3.62407092483897	5.278025	3.74785	4.5270684	100	2	2	38.8010825756747	13.4343070216848	23.0559690682031	1.26765060022823e+30	32	32
strain0008	pen	1	0	-1	0.193983911151072	-0.970588235294118	0	-0.590379769438016	-1.35079670115022	-0.243875	-1.630175	-0.954224	0	-1	0	0.844474052355163	0.32304901919218	0.516119126300344	1	0.5	1
strain0010	pen	0.5	-1	-2	0.170232895629268	-1.85294117647059	-1	-1.51928470103722	-2.18659765190395	-1.179975	-2.53025	-1.85452	-1	-2	-1	0.441359146250257	0.173108683465666	0.276524650721988	0.5	0.25	0.5
strain0802	pen	0.5	-1	-2	0.470588235294118	-1.02941176470588	-1	-0.107058823529411	-1.95176470588235	-0.3148	-1.7191	-1.03431	-1	-2	-1	0.803962435877326	0.303738143722783	0.488249340326062	0.5	0.25	0.5
strain0902	pen	0.015625	-6	-7	0.63898708771766	-5.26470588235294	-6	-4.01229119042633	-6.51712057427955	-4.4962925	-6.0172325	-5.25161435182	-5	-6	-5	0.0443078919763248	0.015439474929065	0.0262486247615742	0.015625	0.0078125	0.015625
strain0903	pen	2	1	0	0.447503648667733	0.676470588235294	1	1.55357773962405	-0.200636563153463	1.375125	-0.0600999999999988	0.704157	1	0	1	2.59390384420801	0.959197630507646	1.6291924119037	2	1	2
strain0904	pen	2	1	0	0.409130227742457	1.20588235294118	1	2.00777759931639	0.40398710656596	1.87905	0.5217	1.205041	1	0	1	3.67832766352003	1.43564594540026	2.30543821099459	2	1	2
strain0909	pen	32	100	5	0.326192250188512	4.55882352941176	5	5.19816033978125	3.91948671904228	5.683015	4.1479	4.90707125	3	2	3	51.3757270391493	17.7272887612298	30.0037568376742	1.26765060022823e+30	32	32
strain0910	pen	32	100	5	0.31949354385883	4.61764705882353	5	5.24385440478683	3.99143971286022	5.784225	4.14245	4.9638184	100	5	5	55.1093421326667	17.6604475618986	31.2074462678625	1.26765060022823e+30	32	32
ATCC49226	tet	1	0	-1	0.227822549776907	-0.911764705882352	0	-0.465232508319615	-1.35829690344509	-0.171875000000001	-1.6371	-0.921631	-1	-2	-1	0.88768824626326	0.321502085258906	0.527911866262133	1	0.5	1
strain0005	tet	2	1	0	0.207972582701926	0.382352941176471	1	0.789979203272245	-0.0252733209193038	1.065125	-0.333050000000001	0.382036	1	0	1	2.09235116014499	0.793856417488006	1.30317966758882	2	1	2
strain0008	tet	1	0	-1	0.290417906737228	-0.558823529411765	0	0.0103955677932019	-1.12804262661673	0.155024999999999	-1.233325	-0.555864	0	-1	0	1.11344091252224	0.425336037305624	0.680249548956311	1	0.5	1
strain0010	tet	32	5	4	0.230652752078796	4.32352941176471	5	4.77560880583915	3.87145001769027	5.18259	3.6943275	4.447779852	5	4	5	36.3174247405309	12.945039838125	21.8230350187037	32	16	32
strain0802	tet	16	4	3	0.230652752078796	3.67647058823529	4	4.12854998230973	3.22439119416085	4.4107315	2.9489675	3.6878049915	5	4	5	21.2697548480678	7.72196224218309	12.8866466562796	16	8	16
strain0902	tet	0.25	-2	-3	0.223025748354457	-2.79411764705882	-2	-2.35698718028409	-3.23124811383356	-2.1117175	-3.5000575	-2.78835057282	-2	-3	-2	0.231371408353118	0.0883848249158168	0.144751422112935	0.25	0.125	0.25
strain0903	tet	2	1	0	0.201636900011795	0.735294117647059	1	1.13050244167018	0.34008579362394	1.4681	0.00595000000000017	0.731359	1	0	1	2.7665730156046	1.00413274204697	1.66020224424052	2	1	2
strain0904	tet	2	1	0	0.201636900011795	0.264705882352941	1	0.65991420637606	-0.130502441670178	0.965075	-0.417075	0.264889	2	1	2	1.95216500423974	0.748941531696716	1.20154360000238	2	1	2
strain0909	tet	2	1	0	0.189472040098899	0.617647058823529	1	0.989012257417371	0.246281860229688	1.318025	-0.100025	0.618928	0	-1	0	2.49324559282969	0.933016823447207	1.53573362455046	2	1	2
strain0910	tet	2	1	0	0.205882352941176	0.205882352941177	1	0.609411764705882	-0.197647058823529	0.941844999999999	-0.499067499999999	0.220890491	0	-1	0	1.92098333057189	0.707563974285631	1.16545273009151	2	1	2
